35007
35007
35007
35007
35007
35007
35007
35007
35007
35007
35007
35007
35007
35007
35007
35007
35007
35007
35007
35007
35007
35007
35007
35007
35007
35007
35007
35007
35007
35007
35007
35007
35007
35007
35007
35007
35007
35007
35007
35007
35007
35007
35007
35007
35007
35007
35007
35007
35007
35007
35007
35007
35007
35007
35007
35007
35007
35007
35007
35007
35007
35007
35007
35007
35007
35007
35007
35007
35007
35007
35007
35007
35007
35007
35007
35693
35693
35693
35693
35693
35693
35693
35693
35693
35693
35693
35693
35693
35693
35693
35693
35693
35693
35693
35693
35693
35693
35693
35693
35693
35693
35693
35693
35693
35693
35693
35693
35693
35693
35693
35693
35693
35693
35693
35693
35693
35693
35693
35693
35693
35693
35693
35693
35693
35693
35693
35693
35693
35693
35693
35693
35693
35693
35693
35693
35693
35693
35693
35693
35693
35693
35693
35693
35693
35693
35693
35693
35693
35693
35693
35693
35693
35693
35693
35693
35693
35693
35693
35693
35693
35693
35693
35693
35693
35693
35693
35693
35693
35693
35693
35693
35693
35693
35693
35693
35693
35693
35693
35693
35693
35693
35693
35693
35693
35693
35693
35039
35039
35039
35039
35039
35039
35039
35039
35039
35039
35039
35039
35039
35039
35039
35039
35039
35039
35039
35039
35039
35039
35039
35039
35039
35039
35039
35039
35039
35039
35039
35039
35039
35039
35039
35039
35039
35039
35039
35039
35039
35039
35039
35039
35039
35039
35039
35039
35039
35039
35039
35039
35039
35039
35039
35737
35737
35737
35737
35737
35737
35737
35737
35737
35737
35737
35737
35737
35737
35737
35737
35737
35737
35737
35737
35737
35737
35737
35737
35737
35737
35153
35153
35153
35153
35153
35153
35153
35153
35153
35153
35153
35153
35153
35153
35153
35153
35153
35153
35153
35153
35153
35153
35153
35153
35153
35153
35153
35153
35153
35153
35153
35153
35153
35153
35153
35153
35153
35153
35153
35153
35153
35153
35153
35153
35153
35153
35153
35153
35153
35153
35153
35153
35153
35153
35153
35153
35153
35153
35153
35153
35153
35153
35153
35153
35153
35153
35153
35153
35153
35153
35153
35153
35153
35153
35153
35153
35153
35153
35153
35153
35153
35153
35153
35153
35153
35153
35153
35153
35153
35153
35153
35171
35171
35171
35171
35171
35171
35171
35171
35171
35194
35194
35194
35194
35194
35194
35194
35194
35194
35194
35194
35194
35194
35194
35194
35194
35194
35979
35979
35979
35979
35979
35979
35979
35979
35979
35979
35979
35979
35979
35979
35979
35979
35979
35979
35979
35979
35979
35979
35979
35979
35979
35979
35979
35979
35979
35979
35979
35979
35979
35979
35984
35984
35984
35984
35984
35984
35984
35984
35984
35984
35984
35984
35984
35984
35984
35984
35984
35984
35984
35984
35984
35984
35984
35984
35984
35984
35984
35984
35984
35984
35984
36000
36000
36000
36000
36000
36000
36000
36000
36000
36000
36000
36000
36000
36000
36000
36000
36000
36000
36000
36000
36000
36000
36000
36000
36000
36000
36000
36000
36000
36000
36000
36000
36000
36000
36000
36000
36000
36000
36000
36000
36000
36000
36000
36000
35300
35300
35300
35300
35300
35300
35300
35300
35300
35300
35300
35300
35300
35300
35300
35300
35300
35300
35300
35300
35300
35300
35300
35300
35300
35300
35300
35300
35300
35300
35300
35300
35300
35300
36000
36000
36000
36000
36000
36000
36000
36000
37400
37400
37400
37400
37400
37400
37400
37400
37400
38100
38100
38100
38100
38100
38100
38100
38100
38100
38850
38850
38850
38850
38850
38850
38850
38850
38100
38100
38100
38100
38850
38850
38850
38850
38850
38100
38100
39600
39600
39600
39600
39600
39600
39600
39600
39600
39600
39600
39600
39600
39600
40350
40350
41150
41150
41150
41150
41150
41150
41150
41150