10550
10590
10410
10380
10380
10380
10370
10380
10400
10430
10460
10610
10570
10560
10650
10840
11000
11000
10870
10900
10860
10860
10870
11010
10880
10700
10800
10920
10900
10830
10890
10940
10910
10880
10800
10780
10790
10820
10790
10790
10720
10710
10680
10730
10670
10630
10630
10610
10460
10420
10420
10380
10320
10300
10390
10350
10280
10160
10350
10340
10320
10300
10350
10320
10310
10350
10280
10280
10270
10330
10250
10220
10000
10050
10000
10080
10190
10090
10060
10070
10100
9990
9990
9990
10030
10040
10030
10160
10150
10550
10550
10550
10550
10550
10550
10550
10550
10550
10560
10630
10570
10580
10540
10530
10520
10540
10460
10600
10730
10630
10680
10640
10640
10690
10830
10750
10780
10860
10760
10770
10810
10690
10630
10580
10590
10550
10570
10610
10590
10540
10530
10470
11030
10920
10950
10960
10890
10890
10950
10920
10930
11040
10840
11020
10970
10930
10960
10950
10870
10870
10990
11100
11050
10990
11070
11040
11040
11070
11070
11080
11070
11120
11600
11600
11490
11490
11600
11350
11370
11390
11250
11190
11170
11250
11290
11410
11050
10940
10950
10880
10870
10840
10850
10920
11390
11470
11370
11370
11350
11370
11350
11330
11380
11380
11830
11600
11580
11550
11550
11800
11800
11900
11780
11780
11890
11970
12060
12040
12210
12310
12420
12370
12450
12380
12300
12140
12120
11990
12170
12120
12100
11840
11770
11690
11700
11700
11770
12090
12120
11950
11880
11910
11960
12000
12160
12120
12060
12020
11940
11910
11900
11910
11950
12070
11900
11990
11990
11990
12000
11950
11940
12010
11910
11760
11800
11740
11680
11710
11790
11770
11740
11750
11640
11610
11640
11650
11480
11370
11270
11250
11280
11270
11250
11170
11230
11110
11300
11200
11260
11190
11200
11220
11170
11150
11260
11250
11130
11150
11150
11110
11070
11200
10880
10760
10670
10630
10630
10650
10610
10690
10850
10750
10650
10660
10710
10890
11040
11020
11040
11180
11150
11140
11280
11150
11090
11010
11030
11080
10930
10850
10950
10970
10900
10870
10850
10820
10850
10760
10710
10710
10860
10860
10750
10730
10740
10280
10340
10320
10290
10250
10240
10240
10240
10240
10330
10370
10330
10350
10300
10300
10230
10220
10200
10280
10220
10190
10210
10180
10140
10160
10150
10220
10130
10150
10120
10090
10080
10060
10030
10120
10140
10030
10000
10030
10070
10060
10100
10100
10250
10150
10080
10020
10080
10040
10030
10040
10220
10250
10410
10340
10350
10350
10340
10310
10300
10250
10340
10320
10300
10270
10290
10270
10200
10190
10200
10160
10230
10250
10230
10270
10280
10260
10280
10310
10290
10370
10420
10570
10560
10560
10480
10480
10350
10400
10390
10390
10340
10350
10340
10160
10110
10060
10150
10120
10100
10100
10120
10110
10070
10170
10020
10000
9970
9690
9630
9620
9620
9690
9770
9990
9920
9960
9900
9810
9880
9850
10060
9950
9900
9890
9920
9930
9930
9910
9930
9870
9760
9770
9650
9640
9650
9620
9650
9680
10010
9910
9930
9910
9940
9950
9940
9960
10050
10060
10230
10160
10110
10140
10190
10160
10170
10350
10480
10380
10580
10620
10620
10620
10620
10620
10770
10960
10810
10760
10690
10630
10620
10610
10630
10610
10540
10530
10560
10700
10770
10820
10910
10960
11210
11070
10950
10990
10940
10890
10930
10900
10930
10890
10940
10970
11000
10970
10980
10970
10920
10900
10900
10910
10860
10790
10750
10680
10560
10530
10490
10460
10520
10500
10510
10480
10520
10660
10560
10590
10570
10550
10510
10570
10680
10680
10690
10590
10610
10570
10510
10520
10550
10510
10360
10400
10390
10380
10380
10390
10390
10380
10420
10350
10400
10410
10400
10410
10420
10440
10430
10450
10470
10410
10370
10260
10280
10250
10410
10410
10220
10140
10050
9980
10020
10030
10040
10020
10070
10010
10010
10000
10010
10050
10090
10060
10060
10190
10200
10120
10090
10070
10070
10070
10060
10050
10020
10100
10120
10120
10110
10110
10080
10080
10040
10100
10120
10110
10060
10010
10010
9990
9990
10000
10010
9930
9930
9940
9950
9960
10010
10030
10030
10030
9990
9970
9960
9910
9870
9850
9940
9730
9680
9650
9610
9450
9470
9530
9560
9540
9590
9690
9720
9620
9590
9610
9600
9620
9610
9650
9500
9570
9600
9690
9670
9580
9570
9510
9480
9500
9300
9500
9430
9500
9550
9620
9640
9940
9950
9800
9790
9860
9950
9950
9950
9950
10300
10410
10410
10410
10410
10410
10410
10410
10410
10700
10690
10660
10650
10660
10650
10650
10730
10710
10710
10690
10870
10710
10710
10740
10760
10760
10760
10770
10770
10750
10740
10750
10770
10770
10750
10770
10770
10780
10780
10800
10800
10810
10800
10820