1288
1242
1242
1242
1242
1242
1242
1242
1242
1212
1203
1207
1209
1220
1221
1237
1210
1210
1224
1205
1217
1200
1203
1210
1182
1176
1181
1177
1176
1176
1176
1162
1215
1215
1230
1230
1230
1230
1230
1230
1249
1250
1250
1250
1250
1250
1250
1250
1250
1231
1250
1280
1249
1239
1258
1260
1252
1269
1241
1260
1270
1272
1289
1291
1291
1291
1291
1291
1290
1263
1300
1315
1314
1321
1321
1323
1339
1339
1339
1339
1339
1339
1339
1339
1339
1393
1393
1393
1393
1393
1393
1393
1393
1393
1398
1347
1342
1318
1365
1398
1318
1330
1329
1318
1318
1318
1318
1318
1318
1318
1318
1318
1318
1318
1318
1318
1318
1318
1316
1316
1316
1316
1316
1316
1316
1316
1316
1310
1310
1310
1310
1310
1310
1310
1310
1300
1401
1399
1380
1381
1360
1352
1344
1340
1327
1322
1322
1322
1322
1322
1322
1322
1322
1290
1290
1290
1290
1290
1290
1290
1290
1268
1270
1268
1268
1268
1268
1268
1268
1268
1245
1238
1216
1215
1218
1240
1241
1228
1221
1210
1193
1200
1185
1185
1188
1213
1218
1190
1192
1185
1170
1220
1232
1234
1222
1229
1202
1204
1191
1180
1180
1180
1168
1168
1170
1170
1180
1168
1168
1168
1168
1164
1154
1152
1152
1151
1160
1170
1140
1170
1145
1152
1149
1142
1128
1141
1148
1130
1120
1119
1117
1117
1119
1125
1133
1127
1130
1122
1132
1122
1111
1110
1100
1099
1110
1095
1096
1100
1109
1110
1096
1111
1096
1087
1087
1083
1082
1081
1081
1080
1078
1091
1066
1070
1066
1066
1066
1066
1066
1066
1066
1057
1057
1057
1057
1057
1057
1057
1057
1057
1054
1054
1054
1054
1054
1054
1054
1059
1029
1031
1040
1030
1033
1029
1029
1029
1029
1029
1003
1003
1001
1000
1000
1000
1000
1000
1000
1000
1000
1000
1000
999
999
999
999
999
999
999
999
977
977
977
977
977
977
977
977
962
962
976
962
962
962
962
962
962
956
985
985
978
964
970
966
969
949
960
974
977
960
976
964
960
970
970
942
948
943
943
947
962
942
959
944
969
979
977
961
962
968
965
986
942
951
940
940
952
939
947
939
935
932
943
948
948
935
924
930
939
922
916
916
916
926
916
916
918
913
918
913
920
919
907
907
907
907
902
900
911
900
910
910
911
902
897
907
895
894
894
894
895
894
887
889
898
901
903
900
889
887
887
888
880
880
880
879
879
880
880
879
873
873
873
873
873
873
873
873
873
870
870
870
870
870
870
870
870
869
869
869
869
869
869
869
869
869
868
868
868
868
868
868
868
868
868
868
865
855
849
849
849
849
849
849
851
851
851
851
851
851
851
851
850
850
850
850
850
850
850
850
850
849
849
849
849
849
849
849
849
849
832
832
832
832
832
832
832
832
848
848
848
848
848
848
848
848
848
848
848
848
848
831
831
831
831
831
831
831
831
847
847
847
847
847
847
847
847
847
847
847
847
847
847
847
847
835
838
835
835
835
835
835
835
835
829
829
829
829
830
831
830
829
826
822
822
822
822
822
822
822
822
818
818
818
818
818
818
818
818
818
846
832
820
834
813
830
813
811
817
805
804
805
804
813
804
804
804