1875
1854
1817
1802
1813
1817
1820
1815
1814
1833
1849
1847
1839
1838
1859
1828
1849
1852
1841
1838
1827
1824
1820
1847
1822
1801
1801
1828
1839
1920
1930
1940
1921
1910
1910
1924
1938
1931
1934
1931
1940
1931
1945
1960
1942
1944
1934
1934
1871
1861
1863
1860
1849
1851
1850
1850
1850
1835
1835
1825
1813
1825
1850
1856
1846
1832
1828
1829
1820
1807
1810
1740
1740
1740
1741
1759
1740
1740
1742
1739
1700
1691
1691
1712
1695
1702
1720
1724
1780
1764
1777
1770
1773
1757
1760
1764
1776
1734
1714
1705
1697
1681
1700
1695
1690
1663
1717
1722
1709
1707
1700
1702
1738
1754
1742
1770
1791
1791
1791
1791
1791
1791
1749
1765
1756
1758
1755
1740
1740
1741
1738
1695
1674
1675
1672
1687
1672
1682
1672
1674
1646
1635
1715
1693
1702
1680
1672
1665
1672
1701
1720
1700
1696
1700
1704
1691
1682
1680
1685
1685
1701
1717
1728
1709
1700
1696
1685
1681
1666
1657
1621
1634
1630
1668
1624
1570
1570
1568
1568
1568
1568
1568
1570
1652
1652
1652
1652
1652
1652
1652
1652
1652
1730
1730
1730
1730
1730
1730
1730
1730
1803
1803
1803
1803
1803
1803
1803
1803
1803
1892
1892
1892
1892
1892
1892
1892
1892
1892
1957
1957
1957
1957
1957
1957
1956
1957
1957
2021
2051
2051
2045
2051
2051
2050
2051
2020
2100
2090
2037
2030
2043
2076
2065
2045
2046
2200
2208
2220
2212
2191
2176
2145
2123
2112
2075
2075
2075
2075
2075
2075
2075
2075
2075
2032
2060
2021
1988
1973
1973
1973
1973
1973
1932
1925
1947
1929
1919
1917
1917
1917
1850
1961
1961
1930
1933
1958
1945
1947
1957
1961
1921
1875
1871
1856
1856
1856
1856
1856
1856
1857
1840
1837
1885
1903
1875
1859
1880
1868
1869
1910
1898
1907
1885
1870
1859
1862
1885
1952
1931
1976
1976
1950
1968
1976
1976
1994
1985
1977
1950
1921
1930
1920
1910
1905
1907
1890
1868
1895
1910
1910
1929
1921
2000
2000
1998
1987
1985
1974
1980
1977
1979
1999
1952
2017
1994
2045
2034
2027
2025
1985
1995
2033
2018
1999
1973
1958
1969
1929
1922
1898
1898
1908
1898
1898
1898
1891
1915
1893
1893
1887
1870
1869
1892
1889
1889
1914
1899
1900
1863
1878
1865
1855
1855
1835
1807
1820
1827
1840
1835
1833
1828
1821
1820
1846
1858
1836
1825
1820
1825
1834
1924
1924
1924
1924
1921
1920
1919
1924
1924
1956
1942
1905
1917
1945
1933
1911
1924
1920
1950
1956
1945
1967
2025
2029
2029
2029
2100
2090
2064
2053
2032
2050
2032
2042
2047
2025
2074
2072
2084
2062
2054
2045
2033
2027
2027
1990
1952
1960
1952
1952
1952
1956
1963
1903
1925
1924
1951
2004
1990
1988
2038
2054
2034
2025
2005
2010
2008
1999
2000
2000
1960
1953
1933
1933
1933
1933
1933
1933
1899
1969
1956
1941
1939
1923
1939
1950
1900
1902
1921
1894
1910
1920
1898
1886
1894
1897
1897
1897
1809
1809
1809
1809
1830
1839
1900
1874
1863
1866
1858
1878
1870
1906
1906
1975
1981
1985
1985
1985
1985
1985
1985
1985
2036
2010
2003
1960
1986
1980
1970
1992
1968
2000
1990
2096
2096
2096
2096
2096
2096
2150
2142
2140
2128
2120
2100
2102
2099
2091
2112
2105
2078
2120
2127
2159
2111
2105
2107